3, 0,-101.3365,-103.7459,-102.8216,-108.5926
4, 0,-95.79749,-102.49,-101.2662,-97.93776
4, 1,-136.7353,-132.6077,-133.1955,-131.6462
5, 1,-123.1826,-131.9765,-125.477,-124.5562
5, 2,-109.1831,-107.5251,-111.9334,-107.775
5, 3,-68.82651,-69.9105,-75.95092,-66.64693
5, 4,-46.85646,-45.6594,-46.6669,-44.19131
5, 5,-25.51926,-25.87598,-27.44739,-26.18398
0, 2,-139.468,-139.3006,-137.9842,-137.8067
1, 2,-140.9188,-147.4782,-139.7928,-139.1743
1, 1,-136.0043,-130.4971,-131.7386,-137.14
0, 1,-111.0891,-113.5508,-111.5014,-112.9259
-1, 2,-141.9981,-140.7307,-139.4875,-143.197
-2, 2,-144.1527,-140.8327,-146.8132,-141.1097
-2, 1,-153.2339,-145.5608,-143.3329,-148.6398
-3, 1,-158.4451,-162.5696,-158.49,-155.4599
-4, 1,-148.8329,-150.065,-149.8598,-155.3962
-4, 0,-127.7037,-128.7204,-126.92,-131.9494
-4, -1,-96.12309,-96.82561,-95.34843,-98.99639
-5, -1,-106.8745,-107.8727,-96.20109,-95.90925
-5, -2,-94.54035,-95.86491,-93.7594,-99.69464
-5, -3,-82.96432,-82.1004,-82.28299,-83.18359
-4, -3,-67.00638,-63.90765,-82.58078,-65.99867
-3, -3,-60.54025,-61.80945,-60.23082,-61.06485
-3, -4,-48.07844,-49.15665,-48.61383,-54.31342
-3, -5,-35.07961,-34.16545,-34.28937,-35.01272
-5, 0,-122.0184,-124.1491,-122.7327,-122.0234
-6, 0,-103.7396,-103.0881,-102.6893,-102.1338
-7, 0,-94.76983,-94.61317,-90.56533,-93.64105
-8, 0,-81.91452,-82.31187,-72.60906,-76.75613
-8, 1,-73.01133,-74.38273,-72.0887,-70.69671
-9, 1,-59.36137,-55.05521,-54.61351,-57.68134
-10, 1,-46.84062,-46.57788,-48.31989,-46.26402
-11, 1,-34.15741,-31.28695,-36.64936,-33.53156
-12, 1,-25.4062,-24.98218,-22.02606,-23.01847
-13, 1,-18.41959,-12.91002,-14.83372,-13.0814
-13, 0,-15.98379,-15.668,-16.88393,-16.87842
-13, -1,-17.39731,-17.31983,-18.84122,-16.71189
-14, -1,-8.856486,-9.097239,-8.384628,-11.11586
-15, -1,-3.242198,-3.03238,-3.597708,-2.669747
2, 1,-146.3331,-147.7473,-147.309,-149.31
3, 1,-141.1542,-141.4103,-140.9071,-142.2978
3, 2,-129.6347,-129.0845,-132.274,-129.3822
3, 3,-85.3714,-92.75967,-90.49731,-80.61819
2, 3,-95.04723,-96.50001,-93.34787,-90.95107
1, 3,-105.4003,-102.66,-100.3775,-102.4362
0, 3,-106.5706,-106.2211,-109.5211,-105.7981
-1, 3,-100.7319,-102.179,-104.9086,-99.3756
-2, 3,-102.8158,-100.7648,-100.2526,-101.098
-2, 4,-61.6874,-62.6278,-71.48604,-62.99102
-3, 4,-66.99704,-69.68504,-64.85392,-66.87341
-4, 4,-81.74186,-71.92168,-65.70246,-65.4223
-4, 5,-44.87841,-41.0292,-40.44857,-43.95587
-5, 5,-38.26699,-33.48668,-34.97571,-36.77276
-6, 5,-30.39307,-28.41713,-30.72239,-31.12277
-6, 4,-53.26759,-51.69619,-53.49736,-51.84903
-5, 4,-61.61862,-63.87105,-64.3735,-64.29613
-1, 4,-67.50449,-62.20405,-61.38437,-63.01081
0, 4,-71.65074,-64.49289,-63.4272,-67.67383
-3, 3,-100.7991,-103.1628,-110.0654,-98.18288
-3, 2,-152.2309,-146.4401,-146.1902,-144.359
-5, 1,-144.5721,-147.3991,-143.294,-142.8163
-5, 2,-131.0154,-133.1143,-129.6568,-133.3582
-6, 2,-94.0008,-97.02737,-92.99721,-96.41598
-7, 2,-73.16875,-77.04946,-77.88424,-76.37502
-7, 1,-88.86253,-87.27831,-88.71873,-87.18865
-5, 3,-97.83509,-93.1311,-94.08244,-92.88074
-5, 6,-14.28358,-15.55153,-16.6079,-16.06462
-6, 6,-21.24624,-12.52239,-12.90155,-11.97268
-7, 6,-16.31281,-14.6264,-9.391586,-8.990187
-7, 5,-30.84078,-24.5496,-24.00437,-25.60455
-6, 3,-75.53136,-78.47733,-75.7713,-80.14089
-3, 0,-119.6325,-121.2718,-124.0629,-120.659
-6, -1,-96.79027,-96.63226,-97.22529,-95.11732
-7, -1,-89.31819,-87.66196,-89.66698,-89.4876
-7, -2,-81.58228,-78.06059,-78.93001,-81.53741
-7, -3,-72.22017,-70.07392,-68.54324,-67.536
-7, -4,-52.22404,-61.74462,-53.04879,-59.93882
-7, -5,-37.16689,-31.70405,-39.05254,-41.89206
-1, 5,-34.90371,-39.9994,-44.31293,-35.83754
-1, 6,-19.9193,-19.86326,-17.89419,-16.62721
0, 6,-16.06321,-15.67556,-21.85552,-17.26219
1, 6,-18.86971,-17.12608,-17.73134,-16.83372
2, 6,-16.5479,-18.59305,-17.34672,-14.34579
2, 5,-35.71942,-38.85674,-36.59182,-37.25683
2, 4,-63.81078,-59.28588,-59.56545,-61.77906
1, 4,-63.35402,-63.02822,-65.54498,-62.91071
2, 2,-136.9331,-137.0921,-136.7247,-142.7294
-4, -2,-87.26892,-87.97365,-84.26288,-88.95515
-4, -4,-52.72957,-52.99357,-53.60064,-60.13164
-5, -4,-60.92451,-61.052,-59.73309,-61.84735
-4, -5,-35.95782,-36.33304,-37.56067,-35.40484
5, 0,-86.40511,-85.65221,-88.94405,-87.08356
6, 1,-75.64419,-74.97968,-72.33735,-79.6073
6, 0,-66.18607,-71.60754,-66.66551,-63.24413
6, -1,-54.54418,-55.64363,-59.5404,-54.9922
7, -1,-41.69553,-40.39649,-43.6205,-44.67628
7, -2,-37.79669,-37.88621,-37.25711,-38.23537
7, -3,-30.13288,-31.54436,-30.96452,-31.60943
6, -3,-40.93866,-38.91199,-38.55729,-37.69316
5, -3,-44.89584,-43.74909,-44.23389,-46.02034
5, -2,-53.5218,-55.45991,-63.57728,-53.18656
4, -2,-72.31997,-67.91131,-63.80521,-65.79821
3, -2,-68.53029,-70.69452,-70.68481,-72.18534
3, -3,-62.02975,-59.49963,-59.5069,-61.14707
4, -3,-56.02376,-55.00792,-58.19596,-53.16158
5, -4,-30.44446,-42.1325,-33.82812,-28.00901
5, -5,-23.35378,-26.50187,-25.76765,-29.7544
5, -6,-11.21546,-16.95393,-17.0372,-10.80576
5, -7,-1.935964,-2.927836,-2.400277,-2.280204
4, 3,-82.65625,-82.27036,-81.01151,-82.75017
6, 3,-44.90651,-45.34168,-49.82867,-45.60677
6, 2,-64.50484,-64.88753,-61.80166,-65.32859
2, 0,-99.23096,-95.01733,-98.18956,-100.3845
2, -1,-74.50927,-74.07409,-75.20288,-73.26747
3, -1,-79.61114,-84.07175,-81.31107,-80.29078
3, -4,-46.51133,-48.30233,-46.40857,-46.07243
4, -4,-36.95991,-41.62214,-41.71686,-40.79262
6, -5,-19.22793,-21.13975,-24.30689,-21.28824
6, -6,-9.32109,-11.51376,-10.73452,-10.05717
-3, -1,-73.44013,-90.30933,-79.56141,-93.48489
-2, -1,-64.57286,-59.99928,-63.06674,-61.12198
-2, -2,-62.11013,-59.20387,-59.56686,-58.93507
-2, -3,-58.31455,-55.60532,-54.51336,-58.02522
-2, -4,-46.46297,-45.53363,-44.41415,-46.56145
-2, -5,-33.43052,-30.45174,-32.18119,-29.87187
-2, -6,-22.04171,-19.04257,-17.61802,-18.41345
-3, -6,-20.19828,-14.78316,-18.11701,-19.56345
-5, -5,-31.4322,-46.31342,-36.66764,-37.08681
-6, -5,-36.73812,-40.33783,-42.88226,-38.15807
-8, -5,-31.32848,-34.17346,-33.33606,-35.98146
-8, -6,-18.27546,-16.05068,-17.15931,-20.16086
-8, -7,-2.467508,-4.114651,-3.947386,-3.481262
-3, 5,-46.42018,-39.119,-42.01596,-40.7075
4, 2,-123.7127,-122.5784,-122.4048,-121.6486
4, -5,-28.01628,-27.79252,-26.29091,-32.92843
4, -6,-13.06641,-17.97756,-13.78509,-13.44816
1, 5,-44.77492,-41.64891,-42.43504,-41.38629
0, 7,-3.860629,-2.960407,-4.491441,-2.652834
-4, 3,-105.6413,-107.645,-101.47,-105.2947
-6, -2,-90.51921,-85.13941,-86.72833,-86.24673
-6, -3,-75.39179,-76.72819,-74.27149,-75.25509
-1, -3,-40.86863,-40.24684,-42.90165,-41.15569
-1, -2,-36.45996,-35.46398,-36.19574,-36.88359
-1, -1,-41.45084,-34.50894,-35.74139,-36.14583
0, -2,-42.73825,-31.75764,-33.94961,-31.23621
0, -3,-44.09802,-41.78887,-38.60879,-38.39105
0, -4,-35.61899,-45.77139,-37.13513,-35.25127
0, -5,-25.99503,-27.26109,-27.13234,-28.2767
0, -6,-12.68661,-16.31555,-14.63729,-13.14927
0, -7,-2.578888,-5.662063,-1.568679,-3.961681
-1, 1,-139.8761,-138.1651,-138.0635,-136.9514
-3, -2,-76.18588,-72.05135,-73.1805,-75.57819
1, -2,-41.0434,-37.98239,-37.04736,-38.1101
1, -1,-43.49208,-44.03222,-42.81666,-41.50624
2, -2,-63.54325,-65.13413,-63.37864,-64.89856
2, -3,-53.61436,-53.66367,-57.82866,-54.71901
1, -3,-38.57359,-41.42909,-40.93615,-42.99598
-7, 3,-64.30107,-59.82661,-59.63823,-59.16459
-6, 1,-104.6804,-105.4761,-102.19,-110.622
-2, 0,-87.47083,-86.12981,-90.6387,-91.0494
-1, 0,-81.88626,-97.80197,-85.00796,-84.12856
-1, -4,-33.76474,-40.19987,-34.12655,-36.89357
-1, -5,-24.86101,-27.18138,-27.92459,-26.75826
0, 0,-64.84893,-85.9362,-64.41457,-65.9147
6, -2,-47.30722,-49.31577,-46.80517,-47.57441
5, -1,-63.0811,-64.76141,-65.20523,-70.06642
4, -1,-76.56482,-76.21142,-79.7759,-81.61847
2, -4,-43.40183,-43.86828,-44.46171,-43.54105
1, -4,-38.51301,-37.49404,-37.81539,-34.87945
1, -5,-26.41773,-30.96007,-24.42625,-25.70829
-3, -7,-3.108107,-5.524183,-2.678278,-4.668895
-1, -6,-15.39155,-15.05141,-13.94122,-19.64653
-4, 2,-144.753,-143.469,-144.7255,-144.391
-9, 0,-63.13866,-66.20109,-64.08709,-62.08875
-9, -1,-61.27447,-67.70659,-66.44152,-65.18443
-9, -2,-62.45902,-59.4723,-62.42893,-57.51141
-10, -2,-47.15732,-48.88776,-43.01582,-45.52007
-11, -2,-33.69647,-35.24056,-34.56391,-32.91972
-12, -2,-22.19541,-28.35555,-22.30505,-21.1377
3, 4,-64.32182,-59.02993,-57.75051,-56.64256
0, 5,-40.75334,-40.97238,-40.54209,-42.63457
-8, -1,-78.68491,-80.53789,-77.95791,-78.58165
-8, -2,-70.87045,-71.1058,-70.22752,-76.79779
-8, -3,-60.21857,-62.76006,-54.74957,-60.12101
-8, -4,-51.2096,-48.57617,-50.99909,-50.29785
1, 0,-91.54098,-93.20597,-94.98147,-94.90961
-9, -3,-47.73211,-52.17647,-46.28561,-50.39429
-10, -3,-36.91105,-40.12474,-41.31169,-38.76553
-10, -1,-50.75965,-50.25549,-52.81297,-55.84191
-10, 0,-48.95503,-49.56483,-48.18219,-57.6916
-10, 2,-39.23518,-38.49967,-39.4654,-36.82586
-11, 2,-27.15557,-31.12629,-26.1937,-28.41461
-11, 3,-29.08465,-22.43895,-23.41972,-20.71934
-12, 3,-14.82871,-19.85582,-16.48808,-20.43216
-13, 3,-10.53041,-11.60864,-11.81277,-10.62572
-14, 3,-6.823275,-5.975259,-2.589784,-5.986983
-14, 4,-3.8627,-3.186191,-3.062856,-4.835772
-13, 4,-12.23223,-8.832888,-7.094046,-5.517158
-13, 2,-13.91754,-13.10433,-13.72158,-16.12483
-14, 2,-8.039368,-9.498312,-7.800465,-8.772374
-15, 2,-2.748286,-2.778286,-1.223,-4.087734
7, 0,-48.62477,-48.30774,-48.99565,-48.97393
3, 5,-30.95117,-31.21055,-36.3782,-34.69602
3, 6,-14.51069,-11.04835,-21.95641,-14.48532
5, 6,-12.35555,-13.78659,-11.07251,-11.97003
-7, 4,-38.81652,-41.93569,-40.45966,-48.3199
-8, 4,-35.40716,-31.81656,-29.36481,-31.54921
-9, 4,-24.92965,-28.49445,-20.76956,-25.97322
-9, 5,-14.3992,-14.2082,-17.22287,-13.44683
-10, 5,-11.59137,-12.22968,-12.02814,-10.93176
-11, 5,-8.653832,-7.574471,-7.427213,-8.244448
-12, 5,-5.960865,-7.659238,-4.943922,-5.798363
-12, 6,0,-0.145952,-4.281278,-5.571053
-13, 6,-1.175979,-1.127409,-2.303541,-1.631977
-13, 5,-5.414837,-2.162716,-2.601903,-1.497895
-9, 6,-4.712093,-7.147645,-5.665072,-7.640415
-9, 7,0,-1.107762,-3.0202,-2.796647
-6, 7,-5.521775,-3.468837,-5.794739,-3.427891
1, -6,-13.89619,-14.96964,-13.9795,-14.647
2, -6,-13.29821,-17.07742,-12.95822,-16.04327
2, -5,-27.84231,-33.61552,-24.54901,-26.21741
-6, -4,-58.07495,-57.3616,-63.93202,-57.34195
-9, -4,-40.52778,-36.73272,-43.94468,-49.56017
-10, -4,-36.39255,-33.73679,-38.14709,-36.61169
-11, -4,-25.61499,-25.42867,-28.79688,-27.3277
-11, -5,-19.02539,-19.12466,-18.63999,-16.26289
3, -5,-29.17211,-28.63409,-30.11214,-29.7573
-4, -6,-14.91583,-17.10863,-17.37047,-19.35603
-5, -6,-17.56327,-18.10523,-18.92296,-19.46386
-6, -6,-16.76964,-17.23082,-21.75494,-17.77536
-6, -7,-3.344997,-4.269991,-4.452591,-1.265992
8, -3,-23.91646,-27.74134,-23.63706,-25.26517
8, -4,-20.50813,-20.01386,-17.52391,-18.16861
9, -4,-13.56663,-16.64242,-12.32503,-14.02858
9, -5,-13.39093,-7.780377,-9.276241,-8.918486
-7, -6,-17.48113,-15.74183,-24.27678,-16.3884
-9, -6,-14.13009,-17.47891,-11.75283,-11.01885
-9, -7,-2.983867,-3.169597,-4.299043,-2.264553
4, 4,-54.41709,-52.51804,-54.30312,-57.7193
-8, 2,-63.18364,-61.71021,-63.88686,-62.02728
-11, -3,-26.12067,-30.20617,-29.09524,-34.9218
-12, -3,-25.17176,-20.3155,-20.68405,-24.82922
-12, -4,-16.75242,-19.77531,-18.24522,-22.02291
-12, -5,-11.95867,-14.10545,-11.46322,-14.53787
-13, -5,-6.450315,-6.095781,-5.59638,-9.647161
-9, 2,-46.84499,-46.3336,-47.42323,-52.44655
-12, 2,-21.57949,-18.58065,-21.70548,-18.38303
-12, 4,-15.36736,-10.5069,-11.41843,-10.7676
-12, 0,-28.0042,-26.14199,-24.13238,-28.77805
-12, -1,-30.6514,-25.96853,-25.67406,-25.92137
0, -1,-11.20437,-15.73622,-11.36019,-10.07502
-4, -7,-4.16859,-4.076823,-0.5399709,-2.664762
-9, -5,-28.36448,-31.68056,-30.02167,-25.47608
-10, -5,-22.11348,-24.39752,-20.6138,-24.65345
-11, -1,-40.72128,-36.47661,-39.80477,-37.70051
-11, 0,-34.35617,-38.30164,-33.73656,-39.92634
-8, 3,-45.13882,-50.42769,-45.57004,-47.14466
-11, -6,-8.321961,-11.10615,-10.14601,-8.757903
-11, -7,-2.180949,-3.036341,-3.603812,-2.359902
-2, 5,-39.75987,-42.54164,-39.61394,-40.93587
-13, -3,-16.69924,-14.28019,-12.10858,-14.45354
-13, -4,-11.29683,-11.56286,-11.68525,-12.2474
2, 7,-3.080273,-3.417199,-2.975477,-6.36346
-7, 7,-4.285345,-3.848434,-5.112971,-2.116955
7, 2,-44.27232,-44.20348,-44.33364,-42.78484
7, 1,-52.31697,-59.1921,-51.44248,-54.67971
9, -3,-17.42645,-19.96663,-16.6029,-18.09251
9, -2,-24.21399,-25.20538,-25.91996,-23.98434
8, -2,-33.24189,-36.08441,-32.64427,-31.60256
7, -4,-28.09636,-23.95242,-23.73734,-23.55564
6, -4,-29.01059,-30.96191,-29.14758,-29.5969
7, 3,-32.5177,-27.08641,-30.43552,-28.81193
6, 4,-31.00441,-32.24961,-27.36357,-27.95262
6, 5,-19.37374,-16.20558,-20.37301,-16.95916
6, 6,-7.701101,-7.628039,-7.183131,-10.28217
4, 5,-30.35669,-28.95707,-28.47669,-33.8149
-2, 6,-22.25549,-17.21335,-24.81772,-16.58439
-3, 6,-25.09914,-18.41248,-20.07376,-18.45373
-4, 6,-18.15726,-19.42923,-26.95787,-18.43596
-4, 7,-6.569027,-4.134092,-4.685843,-4.459091
-11, 4,-11.01229,-16.01914,-17.2948,-14.70891
-14, 5,-0.9541964,-3.037192,-1.988139,0
-15, 5,0,-0.024,-0.813,0
-14, -2,-8.661929,-8.320727,-6.844488,-7.985036
-14, -3,-6.832679,-7.004693,-5.725661,-7.035402
-15, -3,-1.96237,-0.16,-2.289024,-2.478242
3, -6,-12.00128,-12.28485,-11.59165,-12.73696
-2, -7,-3.155751,-9.004149,-4.268279,-5.630357
-9, 3,-36.77919,-34.55006,-36.61397,-37.60177
-1, -7,-5.438488,-4.678937,-2.95076,-2.582674
-10, -6,-11.1656,-10.57675,-10.56148,-10.56162
8, 0,-35.95417,-35.85749,-38.08083,-34.64363
9, 0,-21.79675,-24.78398,-25.76527,-25.94193
9, 1,-24.37537,-23.47165,-28.54262,-26.19345
9, 2,-21.76744,-18.84917,-18.44584,-22.46441
10, 2,-15.48897,-23.03987,-7.360406,-11.19147
10, 1,-19.40209,-17.67468,-18.84448,-17.87495
10, 0,-19.15167,-23.45376,-16.74826,-17.1061
8, 1,-35.50575,-34.08316,-41.64081,-33.48495
8, 2,-28.69905,-28.01787,-26.97189,-32.44205
-8, 5,-21.59953,-20.3463,-19.11721,-18.19363
-8, 6,-7.728345,-8.57144,-10.43292,-8.585077
-10, 6,-3.521846,-5.730309,-4.247289,-4.171554
-10, 4,-24.86118,-18.01011,-17.69541,-20.43872
-5, -7,0,-5.211874,-5.275583,-3.85645
3, -7,-1.523819,-3.398948,-5.703743,-1.423859
8, -1,-37.905,-32.26696,-35.51276,-32.98243
4, -7,-3.77183,-3.310122,-4.636168,-1.929068
6, -7,-0.316,-5.719529,-6.271173,0
-7, -7,-1.79096,-4.475609,-5.900617,-3.145401
7, -5,-19.28571,-16.91185,-21.55916,-15.46814
7, -6,-7.01889,-6.879652,-10.11239,-7.310154
4, 6,-10.85387,-12.82429,-14.59486,-17.64362
-13, -2,-13.89271,-17.914,-17.3618,-13.47169
-14, -4,-5.403504,-3.925585,-5.62876,-6.197517
-15, -4,-2.239429,-2.739532,-0.51395,-0.9915181
8, -5,-19.28031,-15.51013,-11.84556,-11.40879
8, -6,-8.760437,-7.806859,-8.184459,-7.682084
-13, -6,-3.031309,-3.877922,-1.716449,-3.417969
9, -6,-6.438355,-6.293909,-6.860782,-5.829191
10, -6,-2.01765,-4.897591,-1.028,-3.963217
11, -6,-0.752,-4.003038,-4.773097,0
12, -6,0,-1.9508,-1.924116,-1.974782
13, -6,-1.293711,0,-0.192,-1.293
13, -7,0,-1.076964,0,0
-10, 3,-30.8092,-28.82219,-23.17206,-33.28566
-1, 7,-4.091575,-3.895626,-9.599062,-5.067488
-12, -6,-3.912406,-6.116253,-5.968669,-4.617836
-14, 1,-8.225526,-10.9064,-8.388951,-7.096818
-14, 0,-9.966786,-8.203785,-9.884022,-7.391552
7, 4,-14.10695,-17.25259,-19.86576,-14.91647
-14, 6,-2.227939,-0.273,-1.018948,0
-2, 7,-4.144495,-4.944941,-4.41989,-5.968006
7, -7,-1.416656,-1.252393,-1.329986,-1.251704
9, -1,-25.08071,-26.39202,-23.09839,-23.75067
10, -2,-14.76562,-15.70592,-21.25561,-15.77392
10, -1,-21.38774,-17.11094,-19.93011,-15.20413
-11, 6,-3.039941,-1.795509,-3.390916,-1.460517
-15, 3,-2.264109,-1.351905,-1.890644,-0.6259974
8, 3,-26.33629,-21.10029,-21.32692,-20.82719
8, 4,-15.01255,-14.87496,-14.38694,-15.33135
8, 5,-7.099298,-11.36631,-13.19386,-7.891452
9, 5,-8.461948,-8.800461,-4.662467,-5.698349
9, 6,-2.315948,-4.188128,-4.185149,-1.147
-5, 7,-5.067271,-3.329008,-4.300854,-3.885193
1, 7,-3.154803,-2.371942,-7.282293,-4.640584
-8, 7,-1.639974,-1.273944,-0.8779963,-2.739333
1, -7,0,-4.558607,-5.652532,-0.9035891
-15, -2,-0.6119967,-5.247439,-0.7268277,-2.611985
7, 5,-11.0539,-10.53272,-16.70867,-12.49297
7, 6,-5.255486,-5.956423,-7.399694,-4.753029
9, 4,-12.27107,-11.84111,-12.3696,-10.87664
10, 4,-7.692272,-8.400496,-8.295458,-5.701191
10, 3,-9.955441,-10.86904,-12.90946,-9.41535
11, -1,-6.422796,-12.78298,-14.02098,-11.81451
9, 3,-14.99536,-15.29492,-13.8625,-16.89627
10, -5,-4.430221,-6.58878,-6.905171,-8.827392
9, -7,-0.222,-2.62297,-3.732074,-2.362702
-14, -5,-3.113414,-3.454318,-2.252725,-2.406926
11, 0,-9.742898,-11.6633,-10.83208,-9.62091
12, 0,-4.186031,-5.718486,-7.230512,-4.958127
12, 1,-6.415822,-5.917502,-5.30444,-6.793861
11, 1,-10.00893,-10.52392,-11.39478,-11.19472
-15, 1,-1.406695,-2.450916,-1.832958,-3.889487
-12, 7,0,0,-0.098,0
-13, 7,0,0,-0.358,-0.106
-3, 7,-4.755435,-2.028726,-6.473886,-4.372669
-10, -7,-1.68007,-4.138996,0,-3.422686
8, -7,-1.144,-2.096954,-1.798459,-2.182846
4, 7,-1.992322,-0.119,-6.963629,-1.133
10, -4,-10.86253,-8.847159,-11.99815,-9.827264
11, -4,-6.959569,-6.077825,-8.197494,-6.213717
12, -4,-4.716721,-3.260832,-4.040249,-5.075073
12, -5,-4.220374,-2.62391,-2.394798,-2.631302
11, -5,-5.13341,-4.116015,-5.222465,-5.455786
11, -2,-10.27026,-10.7602,-11.87261,-9.785015
11, -3,-8.161311,-11.95693,-8.958438,-6.471219
10, -3,-11.55869,-12.1048,-13.14266,-12.76093
10, 5,-3.614828,-4.241269,-3.667363,-6.557148
11, 5,-2.240689,-2.040962,-2.913954,-4.190519
12, 5,-3.335826,-1.796394,-2.096072,0
12, 4,-1.631186,-2.538717,-2.363945,-3.409957
12, 3,-5.672422,0,-2.479559,-7.999007
12, 2,-3.887332,-3.136864,-3.750477,-3.219664
13, 2,-3.374752,-4.694853,-1.169,-1.001884
13, 3,-1.16,-2.449877,-3.153207,-4.422496
14, 3,-1.972038,-1.741186,-1.109,-1.346994
15, 3,-0.123,0,-2.331891,0
-10, 7,-0.851,-0.125,0,-1.163
11, 2,-5.614741,-10.20011,-7.75383,-7.971486
14, 2,-0.928,-1.011,-1.860114,-1.178994
15, 2,-0.116,0,0,-1.948114
12, -3,-3.938561,-6.1829,-6.32322,-4.609512
12, -2,-4.599419,-4.70483,-8.106997,-5.830801
13, -2,-2.475109,-2.323672,-2.221926,-3.760354
13, -3,-4.827328,-1.165486,-1.722947,-1.583342
2, -7,-2.646703,-2.748204,-4.892585,-4.556227
-15, 4,-1.713183,-0.771,0,-1.39485
12, -1,-6.376433,-7.734917,-8.091191,-6.867923
13, -1,-3.893467,-4.542113,-2.818189,-3.99796
13, 0,-2.20195,-3.587909,-3.287647,-3.945491
11, 3,-6.148498,-7.072696,-7.078469,-6.756749
-12, -7,-1.058,-0.526821,0,-0.8940001
13, -4,-0.916808,-4.352761,-3.11295,-4.317688
13, -5,-2.107151,-0.192,-2.293071,-0.725
8, 6,-6.450218,-1.265989,-6.233777,-3.345708
-15, 0,-3.723847,-2.366935,-4.163682,-3.979553
14, -1,-1.444988,-0.975,-1.580237,-0.848
5, 7,0,-5.228596,-5.06544,-2.424819
14, -2,-1.551423,0,-1.099,-1.46774
-15, -5,0,0,-3.054421,-0.551741
7, 7,-2.993826,-0.463,-1.333958,0
13, 1,-2.150951,-3.559469,-4.444911,-6.210882
14, 1,-4.743583,-0.975,-3.503153,-1.249
15, 1,-1.544704,0,0,0
-14, -6,-1.457662,-1.669304,-0.502,-0.348
-14, -7,0,0,-0.296,-1.223565
11, 4,-4.800423,-3.610826,-4.376998,-2.820635
3, 7,-1.521421,-7.977623,-3.813829,-1.183
10, -7,0,-1.709465,-1.917093,-1.256621
-13, -7,0,-1.221513,-1.662569,0
8, 7,-0.52,0,0,0
6, 7,-1.145,-1.109,-1.764973,-2.230483
14, 0,0,-6.728712,-1.16,-1.724457
14, -3,0,-0.577,-1.470342,-1.900074
14, -4,-0.577,-1.838187,-2.424367,-2.357465
14, -5,-0.725,-0.577,0,0
14, -6,-1.293,-1.301423,0,0
14, -7,-1.293,0,-0.577,0
12, 6,0,0,-1.796394,0
15, -3,0,0,-0.975,-0.6580001
9, 7,-1.042,-1.036,-0.661,0
11, -7,0,-1.619248,-1.112,0
14, 4,0,0,-1.741186,-1.176
13, 4,-1.011,-2.019072,-3.62397,-0.814
15, -1,0,-0.848,0,0
10, 6,0,-2.027072,-2.144149,-1.235
13, 5,0,-1.169,-0.928,-1.092
14, 5,-1.092,0,0,0
15, 0,-1.182,-1.16,0,0
13, 6,0,0,-1.169,0
15, -4,-1.275,-1.244,-1.181,0
15, 4,-1.176,0,0,0
15, -2,-1.208,0,0,0
11, 6,0,-1.272,0,0
11, 7,0,-1.272,0,0
0 0 0 0 0 0 0 0 0 0 0 0 1 3 1 2 0 1 2 1 0 0 0 2 0 0 0 3 0 1 0 0 1 0 1 0 0 0 2 3 0 0 0 0 1 1 0 0 1 0 0 0 0 1 1 2 0 2 1 0 3 0 0 0 1 0 0 4 1 1 0 0 2 2 0 0 1 0 0 1 0 0 1 0 0 0 1 0 0 0 2 1 0 2 0 2 1 2 0 3 1 0 0 4 0 0 0 2 0 0 1 0 0 0 1 0 0 0 0 1 5 2 1 1 0 0 0 0 1 2 0 0 0 0 0 0 1 0 1 0 0 1 0 0 0 0 4 0 2 0 2 3 1 0 0 1 0 0 1 0 0 2 0 0 0 1 1 1 1 1 1 0 0 0 1 0 1 4 0 0 6 0 0 1 0 0 0 2 1 0 0 0 0 4 1 0 0 0 0 0 1 0 0 1 1 0 0 0 0 1 0 0 0 3 0 0 1 1 1 1 0 0 0 1 0 1 0 1 1 2 0 0 1 0 0 0 0 0 0 1 0 0 2 1 1 0 0 0 0 0 0 0 0 1 0 0 2 0 0 1 2 0 0 0 0 1 0 0 2 0 2 0 0 1 0 3 1 1 1 0 1 0 0 0 1 1 0 2 0 0 0 0 1 0 0 1 0 1 0 0 0 0 0 0 0 2 1 0 1 0 2 0 0 1 0 1 1 1 4 0 3 5 2 0 8 0 0 0 0 3 0 2 0 0 0 0 1 0 2 0 0 0 0 0 2 0 0 1 1 0 0 1 0 0 2 0 0 0 1 1 0 0 0 2 1 0 0 0 0 0 1 0 1 2 0 0 0 0 0 2 0 0 1 0 2 0 0 0 1 0 0 0 1 0 1 0 1 0 1 0 2 0 3 1 2 3 2 0 0 0 1 0 2 1 1 0 1 0 1 0 0 9 1 0 0 0 0 1 1 0 1 0 2 0 1 1 2 0 0 1 1 0 0 0 0 0 0 1 2 0 0 0 1 0 2 0 0 2 0 3 0 1 0 0 1 1 1 2 0 0 0 0 1 0 0 0 0 0 0 0 0 0 0 1 1 1 0 0 0 1 0 1 0 1 0 0 1 0 0 1 0 0 0 0 0 3 2 0 4 0 0 1 0 0 4 0 1 2 0 0 1 0 0 0 1 0 1 0 0 0 0 0 2 0 0 0 1 0 0 0 0 0 0 1 3 1 0 1 2 0 0 1 0 0 0 3 0 0 0 0 0 0 0 1 0 0 1 2 0 0 0 1 1 1 1 0 0 0 0 4 1 0 2 0 0 0 0 0 1 2 1 1 0 1 0 0 0 0 0 0 0 0 2 0 0 3 0 0 1 0 1 1 0 0 0 0 2 0 0 2 1 1 0 0 0 3 1 1 1 0 0 3 0 0 0 0 0 0 0 0 0 0 0 4 2 0 0 0 0 0 2 0 1 0 2 0 0 1 0 2 1 1 0 1 1 1 0 0 0 0 6 1 1 0 0 0 1 0 0 0 1 1 5 0 0 1 3 0 0 0 0 0 0 0 1 0 0 4 1 2 0 1 0 2 0 0 0 0 1 0 0 0 1 2 0 0 1 0 0 0 1 0 0 1 0 2 1 1 0 1 0 0 0 0 1 1 0 0 0 0 0 0 1 1 2 0 0 1 0 1 0 1 0 0 0 1 2 0 1 2 0 0 0 0 1 1 2 0 2 0 1 0 2 1 0 0 1 1 0 0 1 0 0 3 1 1 0 0 1 4 2 0 2 2 0 2 0 2 3 0 1 0 0 1 0 0 1 0 2 0 0 1 0 2 0 1 0 1 2 1 0 0 0 0 0 0 0 0 0 0 1 1 0 0 0 4 0 0 4 0 0 0 1 0 0 0 0 0 2 1 0 0 0 2 0 0 0 0 0 1 2 0 3 1 1 0 0 2 1 1 0 1 1 0 0 1 1 2 0 1 0 4 0 0 0 0 0 2 0 0 0 0 0 1 0 1 0 0 0 0 2 0 2 0 0 0 0 0 0 0 0 1 0 4 0 0 1 2 0 1 0 1 0 0 0 1 1 0 1 0 0 0 0 1 0 1 0 0 0 0 0 1 0 1 2 0 0 0 2 0 0 0 0 0 0 3 0 0 0 0 0 0 0 0 0 1 2 0 0 0 1 1 0 0 0 0 0 0 0 0 0 2 0 1 0 2 1 0 0 0 0 1 2 0 0 0 0 1 0 1 0 3 0 3 0 1 0 0 0 0 1 0 2 0 0 0 0 1 0 0 1 0 0 0 0 0 0 0 1 2 0 1 0 0 1 0 0 0 1 0 2 1 0 1 0 0 1 2 1 0 0 0 0 1 1 0 0 1 0 0 0 1 0 3 2 0 0 2 0 0 0 1 2 0 0 1 1 0 0 0 1 1 1 0 0 1 1 1 2 4 1 0 0 0 0 0 0 0 2 0 1 1 0 0 0 0 0 0 0 0 0 1 0 0 0 0 0 0 0 0 0 1 1 0 4 0 1 0 3 0 0 0 3 1 0 0 0 0 1 0 0 2 2 1 0 1 1 0 0 0 2 0 1 0 0 0 0 1 0 1 0 1 3 1 1 1 3 0 0 2 1 1 0 1 0 0 0 0 0 0 0 0 0 0 0 0 1 0 0 0 0 0 1 0 1 1 0 3 2 2 0 0 0 0 0 0 0 0 0 0 3 0 1 0 0 0 0 0 0 1 0 0 0 0 1 1 1 1 0 0 0 3 0 0 0 0 1 0 0 0 0 0 0 1 1 0 1 0 0 2 0 0 0 0 1 0 2 0 1 0 1 1 0 1 1 3 0 2 0 2 0 1 0 0 0 2 0 0 0 0 3 0 0 0 0 1 1 0 1 0 0 2 0 2 0 0 0 2 1 1 0 0 1 3 1 0 1 1 0 0 1 1 0 0 0 0 0 0 0 2 3 1 2 5 1 2 2 0 3 0 0 0 3 0 0 0 1 1 2 1 0 0 1 1 0 0 2 1 0 0 0 0 1 0 1 0 0 3 1 3 1 0 2 3 0 0 0 0 3 0 0 0 2 1 0 0 0 1 1 0 2 0 2 0 2 0 1 0 0 0 1 1 2 0 1 0 0 1 0 0 0 1 1 0 0 0 0 2 1 1 0 1 0 0 0 0 0 0 0 0 0 0 1 1 1 1 0 0 1 0 0 0 2 1 3 1 0 1 0 0 0 0 0 0 3 2 0 2 0 0 0 2 1 0 0 1 2 0 0 0 1 0 3 2 1 0 1 0 4 1 0 3 0 0 1 1 0 1 0 2 0 1 1 0 0 0 0 0 0 0 1 1 3 1 2 0 0 0 3 1 0 0 0 0 0 0 3 4 0 0 0 0 0 1 0 0 0 0 0 0 1 0 0 3 0 0 0 1 0 4 0 1 2 0 0 0 1 1 1 0 0 0 0 0 0 1 0 0 0 0 0 1 0 0 2 0 0 3 0 3 0 0 0 2 0 1 1 1 0 0 0 0 0 0 0 1 0 0 1 0 1 0 2 0 0 0 1 1 0 0 1 0 3 0 0 0 1 1 0 0 0 0 0 0 0 1 1 1 3 0 0 1 0 0 2 0 2 0 0 1 0 6 0 0 0 2 0 1 0 0 0 1 0 2 0 0 0 1 0 1 0 0 1 0 0 0 0 1 0 1 0 0 3 0 0 1 1 0 1 0 0 0 1 0 0 0 1 2 1 0 1 0 1 0 1 5 1 0 0 6 1 1 0 0 0 1 0 1 0 0 2 0 6 0 0 1 0 0 1 0 0 0 5 0 1 0 0 1 0 2 0 2 0 0 2 1 1 2 0 4 0 0 1 0 0 1 0 0 0 0 1 0 0 1 0 1 0 0 0 0 0 0 1 0 0 1 1 1 0 1 0 0 0 0 0 0 0 0 0 1 0 1 0 1 0 1 0 0 0 0 0 0 2 0 0 0 1 0 0 4 0 0 1 0 0 0 0 3 0 0 1 0 1 0 0 0 0 0 0 0 0 0 3 1 0 4 1 0 0 1 1 1 1 1 1 0 0 0 0 0 0 0 0 0 2 0 1 0 0 0 5 1 2 1 0 1 0 0 2 0 1 0 0 1 1 0 2 1 0 1 0 0 4 2 4 0 0 0 1 1 1 0 1 0 3 0 0 0 0 0 0 0 0 1 0 0 0 2 1 1 0 0 4 0 0 0 3 0 0 0 1 0 0 3 0 1 0 0 4 2 0 2 0 0 0 1 0 0 0 3 1 4 0 1 0 0 0 0 0 0 1 0 0 0 0 0 1 0 0 1 0 3 0 1 1 0 0 0 0 1 1 1 0 0 0 2 2 0 0 1 1 0 2 1 0 4 0 0 0 0 0 0 0 0 1 0 0 1 1 0 0 2 0 1 0 4 0 1 0 1 0 0 0 2 1 0 2 1 1 1 0 0 0 1 0 0 0 3 0 0 1 0 0 1 0 0 0 0 2 0 0 0 0 0 0 0 1 0 0 3 1 0 2 0 0 0 0 0 1 0 0 1 0 0 0 0 0 0 0 1 4 0 0 0 1 5 2 1 0 0 1 0 0 1 3 0 1 3 0 0 1 0 0 1 0 1 1 0 0 0 1 3 0 0 0 2 0 0 0 0 0 0 0 1 2 0 1 3 0 0 0 1 1 2 4 1 1 0 0 0 0 0 0 1 4 0 0 4 5 1 0 0 0 0 1 2 0 0 0 0 0 0 0 0 2 0 0 0 1 0 1 1 2 1 0 0 1 0 1 0 1 0 1 1 0 0 0 0 1 1 1 0 0 1 3 1 1 0 0 0 0 0 0 1 2 0 0 0 1 0 0 0 0 0 0 1 3 3 1 1 0 2 0 0 0 0 0 0 0 0 0 1 0 2 0 0 3 2 0 0 0 1 0 1 0 1 3 0 0 0 0 0 0 0 0 0 0 0 0 2 0 0 0 0 1 0 2 0 1 0 1 0 1 0 0 0 0 0 0 0 0 0 0 3 2 0 1 0 1 0 0 0 0 0 2 0 0 1 3 0 1 0 0 2 0 1 0 1 2 2 2 4 0 0 0 0 0 0 1 0 2 0 0 0 0 0 0 1 2 0 4 0 0 1 0 0 1 0 0 1 1 0 0 3 0 1 1 1 3 0 0 3 2 0 0 0 1 1 0 0 2 1 0 2 0 0 0 1 1 1 0 2 0 1 0 1 0 0 2 1 0 0 1 0 1 1 0 0 2 2 1 0 0 2 0 0 0 1 0 0 0 1 0 2 0 0 0 0 0 0 1 0 0 0 0 0 2 1 0 1 1 0 1 1 0 0 1 0 0 2 2 0 1 5 2 0 0 1 0 0 0 0 0 1 1 0 0 0 2 1 1 2 6 2 0 0 0 0 0 0 0 1 0 0 0 0 3 0 0 0 0 0 2 0 0 2 0 0 0 0 1 2 0 0 0 0 1 4 1 0 0 0 0 0 2 0 0 0 0 1 0 0 0 1 0 0 1 1 2 0 0 6 0 0 0 0 0 0 4 1 1 0 0 1 0 0 0 1 0 1 0 0 4 3 0 0 2 0 1 1 0 0 1 0 1 3 0 0 2 0 0 0 0 2 0 1 2 3 0 1 1 0 1 0 0 0 1 0 1 0 0 3 0 0 0 2 0 1 1 1 2 0 1 0 1 0 2 4 1 0 0 0 1 0 1 1 1 0 1 0 1 0 1 0 2 0 0 0 0 0 1 2 1 0 3 0 1 0 0 0 0 0 0 0 0 2 0 1 0 0 0 0 0 1 0 1 0 1 3 2 1 1 1 2 0 3 0 2 0 2 0 0 0 0 0 1 0 1 0 0 0 2 1 2 0 0 0 0 0 0 0 0 0 0 0 1 0 1 0 0 0 1 0 0 0 0 2 0 2 2 1 0 0 0 0 1 0 0 1 0 2 0 0 2 0 1 0 0 1 0 1 1 3 0 0 0 1 0 0 0 8 0 0 1 0 0 3 0 0 1 0 4 1 0 0 0 0 0 0 0 0 1 0 0 2 0 0 0 2 1 1 0 0 1 0 2 0 0 0 0 1 3 1 0 0 0 0 5 3 0 0 1 1 0 0 3 1 0 0 0 0 0 0 0 1 1 0 0 0 2 1 0 0 2 1 1 1 3 0 1 0 2 0 0 0 0 0 0 1 1 0 0 0 0 0 1 0 4 2 1 1 0 0 0 1 2 0 4 1 0 3 0 1 0 0 0 1 3 3 0 2 2 1 2 0 1 0 0 0 0 1 0 2 0 0 3 0 1 2 1 1 0 1 0 1 0 0 0 4 0 1 1 1 0 2 0 1 0 0 0 0 0 0 1 0 0 1 0 0 1 0 0 0 2 0 0 0 0 0 0 0 1 0 0 1 2 0 0 0 5 1 1 2 0 0 2 1 0 1 0 0 1 1 0 0 1 1 0 1 0 0 1 0 0 2 0 3 0 2 0 0 0 0 0 0 1 0 0 0 0 3 1 0 0 0 3 2 1 0 0 0 0 0 0 0 3 0 0 0 0 0 0 0 2 1 1 0 2 3 0 0 1 2 0 3 0 0 1 0 2 0 1 4 0 0 0 0 1 0 0 0 1 0 0 0 1 0 0 0 2 1 0 2 0 0 0 0 0 0 0 0 0 0 0 0 2 1 0 0 2 0 0 1 0 0 0 0 0 0 0 1 0 0 0 1 1 2 0 1 1 1 1 0 0 2 2 1 0 0 1 1 0 1 0 0 1 0 0 0 3 1 3 1 0 0 2 0 0 3 1 0 0 0 0 0 0 0 4 1 0 1 0 0 2 0 0 4 0 1 0 0 0 0 0 0 0 0 0 0 1 1 1 0 0 1 2 0 0 0 0 7 0 2 0 6 0 0 2 3 0 4 1 0 1 0 1 0 0 0 2 0 0 0 0 0 1 0 4 0 1 0 0 0 0 2 0 4 1 0 2 0 5 0 0 1 1 0 0 1 0 0 0 0 0 0 0 0 1 0 1 0 0 1 0 0 0 0 0 1 3 1 1 1 2 1 0 0 0 4 0 2 1 1 2 0 5 0 1 0 0 1 0 0 0 0 3 1 0 0 0 0 5 1 1 0 0 2 1 6 2 0 0 3 2 0 2 1 3 1 2 2 1 0 0 2 3 1 0 2 3 0 0 0 1 0 0 0 0 1 2 0 0 0 0 0 1 0 0 0 0 0 0 1 2 0 5 0 2 0 0 1 1 1 0 3 2 0 0 0 1 1 0 2 1 3 0 0 0 2 0 0 2 0 1 0 0 0 2 0 1 0 1 0 1 0 1 2 0 1 0 0 0 0 0 0 2 1 1 0 0 0 1 0 0 1 0 0 0 3 0 1 1 0 0 0 3 2 0 0 2 1 0 0 1 0 0 0 0 1 0 1 1 0 5 0 0 0 2 1 0 0 0 5 2 0 0 2 0 1 0 0 0 0 1 2 0 0 0 1 0 0 2 0 0 0 0 0 1 1 0 3 0 3 0 1 0 1 0 0 0 0 0 1 3 1 2 1 0 1 2 2 0 0 2 0 0 0 1 0 1 0 2 2 6 0 0 0 0 0 0 1 0 0 0 1 0 1 0 0 0 1 0 0 0 0 3 1 0 0 1 0 0 0 0 4 0 0 2 0 0 1 5 0 2 0 0 1 0 0 0 0 1 0 1 2 1 0 0 2 0 4 2 2 1 0 0 2 0 0 2 0 2 0 2 1 0 0 0 0 0 0 4 0 2 0 0 0 2 0 1 7 2 0 0 3 0 0 1 1 0 0 0 0 2 1 0 0 3 0 1 0 0 0 0 0 0 1 0 0 2 2 1 1 4 0 0 0 1 0 0 1 0 1 0 1 0 0 0 1 1 0 0 0 0 0 1 0 0 0 0 0 2 0 0 0 1 0 2 0 0 0 0 0 0 1 0 0 3 0 0 0 0 0 0 0 0 0 1 0 0 4 1 0 0 0 0 0 0 1 0 3 1 4 0 1 0 1 1 0 1 1 1 0 0 3 1 1 0 0 3 